4.46906504556e-91 3.89574663692e-308 4.01167081688e-292 5.18669216887e-43 3.07869676361e-144 6.19292663545e-124 3.26708323203e-60 4.01167081661e-292 4.85071685495e-174 1.77576518335e-67 6.19292663545e-124 1.67067277842e-308 4.01167081688e-292 3.11691020291e-292 3.81510717705e-144 1.63373814229e-271 1.67067277844e-308 2.07148311555e-311 4.83498249146e-174 1.77576518335e-67 -2.79747169371e+86 3.78350625323e-44 1.75514423866e-310 3.03075414756e-292 2.20875653481e-67
1.42125316261e-139 -1.37146687808e-48 3.24192210243e+178 3.88688972287e-308 -3.27700208392e-216
1.7716820504e-67 2.10314973849e-216 4.27832332751e-61 4.0116736836e-292 3.03076301199e-292 3.81502897064e-144 -5.82803339498e+85 4.42839002393e-155 1.23693965586e-310 3.72577227007e-177 2.13546649867e-67
2.46654513501e-197 -2.42919039421e-264 5.07588757361e-116 3.76621760507e+231 3.79833865925e-139 1.14780281789e-120 -2.42919039421e-264 -7.1056119564e-15 3.76621760491e+231 3.42480269766e-269 8.13425007668e-120 -6.82560806934e+38 2.12460860158e+183 3.42188401996e-308 -7.90551256108e+246 2.02626504642e-216 -2.42919039421e-264 8.37151687522e+298
4.01167081661e-292 3.12470840346e-292 3.81500453178e-144 -2.42087206485e+85 1.25347142995e-308 4.01167344589e-292 1.77758540148e-279 3.07875067719e-144
2.46654513501e-197 -9.85079009674e-106 -1.4916767758e-154 3.7662175606e+231 3.96565017782e-192 5.56008256518e-139 -6.26180906413e+144 -1.55740803018e-207 5.34771008031e-308 18.0902987175
2.14347934125e-67 6.19292663545e-124 1.25347142997e-308 1.24607745081e-310 3.12469925436e-292 2.20877917408e-67 1.63373814229e-271 1.67067277842e-308 4.2395923682e-292 3.02296481011e-292 2.20873672592e-67 -1.39873584686e+86 8.66493315623e-275 1.75514423909e-310 1.95654113201e-172 2.15354812969e-67 -2.33124419046e+85 1.67067277842e-308
-1.72733945532e-77 4.8033927608e-308 3.19628787173e+73 2.75777678553e-216 -4.66685995427e-10 2.4810773137e-265 3.76617041152e+231 8.25484335976e+193 7.00164684418e-117 3.16060990468e-178
1.67067277842e-308 4.01167081688e-292
1.79490256569e-307 4.14105220804e+193 6.11897971444e-194 4.76012811234e-62 3.0140843121e-265 3.88692354762e-308 6.09855337117e-284 1.38898404994e-216 3.57926952615e-110 5.62970266846e+14 3.79729043917e-308 8.25343516145e+193 6.04674023096e-194 -9.97563736912e+86 8.48389311714e-251 7.68360312351e-308 -2.95818693555e+92 2.31208535878e-197 -1.58921072011e+29 -2.75180241708e-135 3.76621760663e+231 8.25484335976e+193 7.001646466e-117 -5.09077106788e-116 7.10558308285e-15 3.88688972223e-308 -1.58136512251e+101 2.49071597647e-197 -5.09077106788e-116 5.07588757361e-116 8.43166863382e-309 1.62271821027e-188 4.80178102132e-216 -7.42026075887e+48 9.823677089e-174 3.88692354762e-308 -4.3011201407e+81 6.01230999196e-197 6.49223150199e-303 -3.38467391804e+125 2.69072905125e-308 -1.04177024917e+165
1.79451668252e-67 6.19292663545e-124 1.67067277842e-308 1.7043778437e-311 1.23716527422e-274 2.15230148917e-67 2.08297851771e-135 1.25347142995e-308 4.01167081688e-292 -5.4522532207e+213 3.81500453178e-144 6.19292663545e-124 8.66493315623e-275 1.98665397989e-310 1.50278696508e-293 2.13558678241e-67 4.66762421876e-62 1.67067277842e-308 4.01167081688e-292 4.75594821549e-153 1.77868818586e-67 2.88952227391e-49 8.66493315623e-275 2.52712630784e-310 3.29456193813e-54 -3.85350634236e+241 -2.33121691512e+86 -6.73303566456e+213 1.53636647501e-310 3.03076187405e-292 2.20874238536e-67 -2.33124553876e+85 2.62773436339e-146 4.01167057886e-292 3.03076301158e-292 3.81510717705e-144 5.57027672732e-113 1.50495013349e-219 7.43376645622e-311 4.85071462749e-174 1.77576518335e-67 6.19292663545e-124
4.59018369186e+82 8.48389311714e-251 3.76621761378e+231 5.84712789339e-231 5.22225797089e-139 -4.17018113905e-48 8.48389311714e-251 2.67062951218e-308 6.05232794633e+241 1.14070866078e-197 -1.37146687808e-48 2.12460860158e+183 9.00228652759e+235 -1.99797747833e+72 1.6512024904e-120 -4.17018113905e-48 1.29453935503e-255 3.76621761377e+231 4.14167971472e+193 7.05121564251e-117 3.28280394211e+126 3.0140843121e-265 3.76621761377e+231 4.141679334e+193 7.06670601017e-117 -5.11059873848e-116 7.10558308449e-15 3.76617041126e+231 -2.050193022e-217 4.27597038004e-197 1.68694202234e+212 8.48389311714e-251 3.88692354763e-308 3.5119188337e-120 4.49440683536e-216 -2.42919039421e-264 3.01408431267e-265 4.80346041109e-308 -8.69348718958e+53 1.33633000435e-197 -6.82560806934e+38 2.48107732063e-265 3.16982490473e-308 -7.90527761657e+246 2.02626504642e-216
1.36285389096e-166 1.26244387236e-212 1.91365731153e-310 5.75154508908e-94
3.7944730684e-139 9.91261860334e-198 -8.02487305487e-221 1.94909876657e+289 1.39831891135e-307 8.24669182463e+193 6.10292642331e-194 -1.37146687808e-48 -2.08817779132e-53 3.76617041232e+231 74109.1035157
3.70228977707e-144 -1.39873584686e+86 1.71056968818e-49 3.05083485551e-310 3.12470689493e-292 2.20881313287e-67 3.53808959509e-165 3.89574663692e-308 6.71228791036e-311 5.67162132151e-198 2.1406326531e-67 -1.39873584686e+86 1.67067277842e-308 4.01167344589e-292 3.02296481063e-292 3.81500678689e-144 4.6365889562e-165 1.53160566226e-308 1.13361167389e-310 3.02296364511e-292 2.20873672592e-67 -5.82803339498e+85 3.89574663692e-308 1.71078131836e-310 2.98667710205e-78 2.13987141937e-67 3.94798478041e-273 9.40502693797e-138 2.42145091745e-310
4.36320688915e-309 8.25343747321e+193 6.11897971444e-194 3.16060990468e-178
4.27832332751e-61
-1.7273394552e-77 3.76621760563e+231 -6.79876572574e+110 1.63374849527e-197 3.16060990468e-178
2.98086074744e-191 1.51832950824e-310 3.03075408731e-292 2.20879615347e-67 -1.39873584686e+86 1.67067277844e-308 4.0116705789e-292 3.03076301158e-292 -6.85820745625e+164 1.2847453935e-55 2.2206992154e-116 4.01167081684e-292 3.03076301281e-292 3.81509251335e-144 2.05202395419e-304 1.50495013348e-219 2.99624652699e-310 3.03075422497e-292 2.20879615347e-67 -2.71975277254e+85 1.67067277842e-308 1.22208568771e-310 2.71071411e-289 1.77297323247e-67 1.43824695339e-176 -6.73303566456e+213 1.71079452903e-310 3.02295593268e-292 2.20878200397e-67 -6.99366144862e+85 8.57338329905e-201 3.83897348146e-311 3.12470724023e-292 2.20881313287e-67 6.19292663545e-124 3.26708323205e-60 1.34050624857e-310 3.03076157993e-292 2.20873672558e-67 3.53808959509e-165 5.70327520401e-210
7.29150551874e-304 3.79729043972e-308 -1.34921058258e-153 1.15229903087e-197 -4.66685995427e-10 3.47320504196e-164 4.36286902261e-309 8.25343747321e+193 6.11897971444e-194 -5.11059873848e-116 5.7767724276e-275 3.76678615374e+231 3.42480269766e-269 8.13425007668e-120 -5.11059873848e-116 3.24192210243e+178 3.76617041216e+231 8.25484374047e+193 7.04811756898e-117 -1.37146687808e-48 8.48389311714e-251 3.88688972832e-308 4.13751861415e+193 6.11095306888e-194 -7.90351418664e+115 2.12460860158e+183 9.97774982948e+86 8.25484335976e+193 6.04673990436e-194 -2.42919039421e-264 9.82367708712e-174 3.76621761377e+231 -1.40934048382e+232 5.4932885116e-217 -5.09077106788e-116 -1.49167677163e-154 3.76617036658e+231 8.25484493702e+193 6.07617087686e-194
1.36285389096e-166 1.25347142995e-308 4.01167081688e-292 3.02296481075e-292 3.81506807375e-144 4.28405452822e-59 3.89574663692e-308 4.01167081688e-292 4.83498489937e-174 3.06716148754e-144 6.19292663545e-124 1.67067277844e-308 1.51832951079e-310 7.1293422948e-79 1.77659002286e-67 -2.79747169371e+86 6.53210156893e-200 3.11872552339e-310 3.03075408984e-292 2.20878766377e-67 -2.42087206485e+85 7.36673056767e-211 4.01167057886e-292 4.85071685495e-174 -5.51381514966e+164 -5.82803339498e+85 7.01600799199e-51 4.01167344562e-292 3.03076301263e-292 3.81500453178e-144 -2.33124419046e+85 1.67067277844e-308 8.74927176304e-311 3.03075413132e-292 2.20875087506e-67 -2.33124419046e+85 1.15912694827e-69 4.01167057863e-292 3.03076301246e-292 2.20873672558e-67 -2.79747169371e+86 2.33866917938e-51 4.01167081684e-292 5.65680352123e-139 3.70248777409e-144 -2.33121691512e+86 1.26244387236e-212 3.29362043331e-311 1.56149812811e-293 2.14931600528e-67 1.13115961042e-10 1.67067277842e-308 6.71228791038e-311 1.76520490335e-252 2.14216787471e-67 1.08854848526e-76 3.89574663692e-308 3.1038847658e-310 3.02295606799e-292 2.20873672558e-67 1.98079358974e-149 1.25347142997e-308
-1.72733945532e-77 3.76617041161e+231 7.57298937697e+299 9.99646929912e-217 -5.11059873848e-116 2.12460860158e+183 1.39374223042e-307 8.2536018601e+193 6.11897971444e-194 -7.42026075887e+48 -1.55740802982e-207 3.7662175604e+231 2.2836632614e-28 2.49300510725e-197 -8608837120.43 8.48389313665e-251 3.76617041976e+231 2.1504830713e+227 1.08327087066e-119 3.28280394211e+126 -1.55740803018e-207 9.9760797576e+86 8.25484335976e+193 7.04192135101e-117 -2.36312614784e+155 3.0140843121e-265 3.76678616288e+231 4.14167987789e+193 7.05741178958e-117 -5.26245521741e+68 2.48111670506e-265 3.88692350918e-308 3.19354143238e+73 2.75777678553e-216 -5.11059873848e-116 -3.75376136773e+255 1.11978008398e-309 8.25350252336e+193 6.08954868071e-194 -7.14431302772e-91 8.48389311552e-251 3.76621761377e+231 -1.62485889776e+250 2.34625463074e-139 -5.11059873848e-116 8.37151685184e+298
4.01167057863e-292 3.03076301222e-292 3.81509251335e-144 -2.33124419046e+85 3.89574663692e-308 4.0116705789e-292 3.02296481133e-292 3.81504852216e-144 -2.33124419046e+85 1.67067277842e-308 4.0116705789e-292 3.78972884963e-249 3.70086250905e-144 -2.33124553876e+85 0.000198364285151 1.24855757026e-310 1.17467269011e-181 1.77655047849e-67 -1.08790169399e+86 1.67067277842e-308 1.51832951079e-310 5.52180666581e-199 -3.20151685839e+241
1.22741818718e-216 -7.90351418664e+115 8.48389311714e-251 1.12011867263e-309 4.14100888861e+193 6.05209098099e-194 -2.92200739248e-134 3.24198543178e+178 3.76621760571e+231 2.18731485309e+25 1.8208204292e-216 -1.54883508027e-221 -2.75171627048e-135 7.94768098057e-308
